3
   32|   31|   30|   29|   28|   27|   26|   25|   24|   23|   22|   21|   20|   19|   18|   17|   16|   15|   14|   13|   12|   11|   10|    9|    8|    7|    6|    5|    4|    3|    2|    1|
    3|    1|    4|    7|    8|   15|   17|   17|   24|   45|   34|   62|   59|  108|  136|  142|  209|  294|  405|  532|  717| 1006| 1280| 1794| 2513| 3674| 5701| 9827|11980|12854|22251|24277|
4
   37|   36|   35|   33|   32|   31|   30|   29|   28|   27|   26|   25|   24|   23|   22|   21|   20|   19|   18|   17|   16|   15|   14|   13|   12|   11|   10|    9|    8|    7|    6|    5|    4|    3|    2|    1|
    1|    1|    2|    3|    2|    2|    2|    5|    6|    6|   11|    7|   19|   21|   24|   36|   30|   47|   59|   97|  117|  163|  191|  278|  369|  531|  821| 1123| 1582| 2443| 3413| 5673| 6677|14417|20418|41401|
5
   66|   65|   64|   63|   61|   60|   59|   58|   57|   56|   55|   54|   53|   52|   51|   50|   49|   48|   47|   46|   45|   44|   43|   42|   41|   40|   39|   38|   37|   36|   35|   34|   33|   32|   31|   30|   29|   28|   27|   26|   25|   24|   23|   22|   21|   20|   19|   18|   17|   16|   15|   14|   13|   12|   11|   10|    9|    8|    7|    6|    5|    4|    3|    2|    1|
    1|    1|    1|    1|    1|    3|    1|    4|    2|    2|    4|    1|    6|    5|    5|    8|    9|    7|    8|   11|   11|   11|   17|   11|   17|   18|   28|   30|   30|   40|   40|   48|   61|   67|   82|   90|   91|  142|  145|  185|  191|  225|  284|  273|  388|  452|  523|  650|  738|  944| 1088| 1356| 1620| 1973| 2413| 3005| 3742| 4562| 6329| 7014| 9848| 6374|10476|15504|18782|
6
   59|   47|   46|   44|   43|   41|   40|   39|   38|   37|   36|   35|   34|   33|   32|   31|   30|   29|   28|   27|   26|   25|   24|   23|   22|   21|   20|   19|   18|   17|   16|   15|   14|   13|   12|   11|   10|    9|    8|    7|    6|    5|    4|    3|    2|    1|
    1|    1|    1|    2|    2|    3|    1|    2|    3|    3|    8|   14|    2|    8|    4|   17|   16|   24|   21|   33|   47|   50|   56|   69|   85|  103|  112|  158|  234|  270|  340|  491|  628|  796| 1097| 1448| 1811| 2573| 3429| 4768| 6701| 9720|11247|13884|18840|20876|
7
   45|   42|   41|   40|   39|   38|   37|   36|   35|   34|   33|   32|   31|   30|   29|   28|   27|   26|   25|   24|   23|   22|   21|   20|   19|   18|   17|   16|   15|   14|   13|   12|   11|   10|    9|    8|    7|    6|    5|    4|    3|    2|    1|
    1|    1|    2|    2|    2|    4|    2|    1|    5|    7|    6|    5|    9|   13|   17|   18|   17|   34|   36|   46|   47|   69|   94|   94|  142|  206|  254|  284|  393|  492|  648|  845| 1162| 1517| 2005| 2677| 3878| 5018| 7369| 8097|13551|17655|33274|
8
   76|   68|   62|   61|   60|   57|   56|   53|   51|   50|   49|   48|   47|   46|   45|   44|   43|   42|   41|   40|   39|   38|   37|   36|   35|   34|   33|   32|   31|   30|   29|   28|   27|   26|   25|   24|   23|   22|   21|   20|   19|   18|   17|   16|   15|   14|   13|   12|   11|   10|    9|    8|    7|    6|    5|    4|    3|    2|    1|
    1|    1|    2|    1|    3|    1|    1|    2|    1|    6|    1|    1|    5|    7|    3|   11|    9|    7|   10|   14|   24|   18|   17|   26|   23|   36|   43|   38|   45|   70|   72|   96|  113|  132|  144|  188|  226|  245|  325|  385|  463|  555|  719|  896| 1010| 1299| 1609| 1967| 2442| 2964| 3776| 4654| 6086| 7002| 9209| 7525|11053|15707|18710|
